3 0 501
3 0 1014
3 0 1041
3 0 1067
3 0 1094
3 0 1122
3 0 1176
3 0 1203
3 0 1231
3 0 1259
3 0 1285
3 0 1339
3 0 1366
3 0 1394
3 0 1421
3 0 1452
3 0 1507
3 0 1535
3 0 1563
3 0 1591
3 0 1619
3 0 1674
3 0 1701
3 0 1727
3 0 1753
3 0 1781
3 0 1835
3 0 1862
3 0 1890
3 0 1917
3 0 1972
3 0 1998
3 0 2025
3 0 2053
3 0 2081
3 0 2135
3 0 2163
3 0 2190
3 0 2217
3 0 2243
3 0 2295
3 0 2323
3 0 2350
3 0 2377
3 0 2432
3 0 2462
3 0 2489
3 0 2517
3 0 2545
3 0 2598
3 2 2598
2 0 2598
3 1 2624
2 0 3082
2 0 3137
2 0 3164
2 0 3192
2 0 3220
2 0 3247
2 0 3302
2 0 3329
2 0 3357
2 0 3385
2 0 3411
2 0 3469
2 0 3497
2 0 3524
2 0 3550
2 0 3576
2 0 3631
2 0 3659
2 0 3685
2 0 3712
2 0 3740
2 0 3795
2 0 3821
2 0 3847
2 0 3875
2 0 3930
2 0 3958
2 0 3985
2 0 4013
2 0 4041
2 0 4094
2 0 4123
2 2 4123
2 1 4150
